0
1
2
3
4
5
6
7
8
9
10
11
12
13
14
15
16
17
18
19
20
21
22
23
24
25
26
27
28
29
30
31
32
33
34
35
36
37
38
39
40
41
42
43
44
45
46
47
48
49
50
51
52
53
54
55
56
57
58
59
60
61
62
63
64
65
66
67
68
69
70
71
72
73
74
75
76
77
78
79
80
81
82
83
84
85
86
87
88
89
90
91
100
101
102
103
104
105
106
108
109
110
111
112
113
114
116
118
120
124
126
130
132
144
150
155
160
161
162
163
164
165
166
167
170
171
172
173
174
175
176
177
179
180
181
182
183
184
185
186
187
190
197
199
200
201
202
210
211
213
216
219
220
221
223
224
226
227
228
230
231
280
300
301
302
303
304
307
309
310
311
312
313
314
316
318
319
320
321
322
323
324
325
326
330
331
332
333
334
337
348
349
351
530
531
532
550
551
552
553
554
555
556
557
558
559
560
561
562
563
570
571
572
573
574
575
700
701
702
703
705
707
710
711
715
716
717
720
730
740
750
800
801
802
810
820
839
840
841
900
901
902
909
910
915
916
920
921
922
930
936
945
950
951
953
955
960
970
980
1000
1001
1002
1020
1030
1040
1050
1060
1070
1080
1088
1100
1130
1200
1400
1401
1402
1403
1410
1411
1412
1420
1450
1460
1461
1462
1530
1550
1560
1570
1580
1600
1610
1620
1630
1640
1650
1651
1652
1653
1654
1655
1656
1660
1690
1700
1701
1702
1703
1704
1705
1706
1707
1708
1710
1720
1750
1751
1752
1770
1790
1800
1801
1810
1820
1900
1910
1920
2000
2001
2010
2020
2051
2052
2300
2310
3000
3002
3005
3010
3020
3021
3022
3040
3041
3042
3043
3044
3045
3046
3049
3050
3051
3052
3053
3054
3055
3056
3058
3059
3061
3062
3063
3064
3065
3080
3081
3082
3083
3084
3085
3086
3087
3088
3089
3090
3091
3092
3093
3094
3095
3096
3097
3098
3099
3100
3101
3104
3105
3106
3107
3108
3109
3110
3111
3118
3119
3160
3164
3165
3178
3179
3180
3181
3183
3184
3185
3187
3188
3189
3190
3191
3192
3193
3198
3199
3220
3221
3224
3225
3226
3227
3228
3238
3239
3259
3260
3261
3264
3265
3266
3267
3268
3269
3270
3278
3279
3280
3284
3285
3286
3295
3298
3299
3360
3361
3363
3364
3365
3366
3367
3368
3369
3370
3371
3372
3377
3378
3379
3380
3383
3385
3386
3387
3388
3389
3390
3391
3392
3393
3397
3398
3399
3400
3402
3403
3405
3406
3407
3408
3409
3417
3418
3419
3420
3421
3424
3425
3426
3427
3428
3429
3430
3431
3438
3439
3440
3441
3442
3443
3444
3445
3446
3447
3448
3449
3450
3451
3456
3457
3458
3459
3460
3461
3463
3465
3466
3467
3468
3469
3478
3479
3480
3481
3484
3485
3486
3487
3488
3489
3499
3540
3541
3543
3544
3545
3546
3559
3560
3561
3563
3565
3566
3567
3568
3569
3577
3578
3579
3580
3581
3583
3585
3586
3587
3598
3599
3600
3601
3603
3605
3606
3607
3608
3609
3610
3611
3612
3613
3614
3615
3616
3617
3618
3619
3620
3621
3623
3624
3625
3626
3627
3630
3631
3637
3638
3639
3640
3641
3642
3643
3645
3646
3647
3648
3657
3658
3659
3660
3661
3663
3665
3666
3667
3668
3669
3670
3671
3678
3679
3680
3681
3683
3684
3685
3686
3687
3688
3689
3690
3691
3692
3693
3694
3696
3697
3698
3699
3700
3701
3704
3705
3707
3708
3709
3718
3719
3720
3724
3725
3738
3739
3740
3741
3743
3745
3746
3747
3748
3749
3750
3751
3757
3758
3759
3760
3761
3763
3765
3766
3767
3768
3777
3778
3779
3780
3781
3783
3785
3786
3787
3798
3799
3800
3801
3803
3805
3806
3818
3819
3820
3821
3822
3823
3825
3826
3827
3828
3829
3838
3839
3840
3841
3844
3845
3846
3859
3860
3861
3864
3865
3866
3878
3879
3880
3881
3883
3884
3885
3886
3887
3888
3898
3899
3900
3903
3905
3906
3907
3908
3909
3917
3918
3919
3940
3941
3943
3944
3945
3946
3947
3948
3949
3958
3959
3960
3961
3963
3965
3966
3967
3968
3978
3979
4000
4001
4010
4020
4040
4043
4045
4046
4047
4048
4057
4058
4059
4060
4062
4063
4065
4066
4067
4077
4078
4079
4100
4101
4103
4104
4105
4106
4119
4120
4123
4125
4126
4127
4128
4129
4130
4131
4132
4137
4138
4139
4140
4141
4144
4145
4146
4147
4157
4158
4159
4160
4161
4163
4165
4166
4167
4168
4169
4170
4171
4177
4178
4179
4180
4181
4183
4185
4186
4187
4188
4189
4190
4191
4192
4193
4194
4197
4198
4199
4200
4201
4203
4205
4206
4207
4208
4209
4210
4211
4217
4218
4219
4220
4221
4223
4225
4226
4227
4228
4229
4230
4237
4238
4239
4240
4241
4243
4245
4246
4247
4248
4249
4250
4251
4257
4258
4259
4260
4261
4262
4263
4264
4265
4267
4268
4277
4278
4279
4280
4281
4282
4283
4284
4285
4286
4287
4288
4289
4297
4298
4299
4300
4304
4305
4306
4317
4318
4319
4320
4322
4323
4324
4325
4326
4337
4338
4339
4340
4344
4345
4346
4357
4358
4359
4360
4362
4363
4364
4365
4366
4368
4369
4370
4377
4378
4379
4380
4382
4383
4384
4385
4386
4387
4397
4398
4399
4400
4401
4403
4404
4405
4406
4407
4408
4417
4418
4419
4420
4421
4422
4423
4424
4425
4426
4427
4437
4438
4439
4440
4444
4445
4446
4447
4448
4457
4458
4459
4460
4464
4465
4466
4467
4468
4469
4477
4478
4479
4480
4482
4483
4484
4485
4497
4498
4499
4500
4502
4503
4504
4505
4506
4517
4519
4560
4564
4565
4566
4577
4578
4579
4600
4601
4602
4603
4604
4606
4607
4608
4609
4611
4612
4613
4614
4615
4616
4617
4619
4620
4621
4622
4623
4624
4625
4626
4627
4700
4701
4703
4704
4705
4717
4718
4719
4720
4723
4725
4728
4730
4733
4735
4738
4739
4740
4741
4743
4744
4745
4746
4747
4748
4750
4753
4755
4758
4759
4760
4763
4765
4768
4770
4773
4775
4778
4780
4783
4785
4788
4790
4793
4795
4798
4800
4803
4805
4808
4810
4813
4820
4821
4822
4825
4827
4828
4829
4830
4841
4842
4843
4844
4845
4846
4847
4848
4849
4850
4851
4852
4853
4854
4857
4858
4859
4860
4865
4890
4891
4892
4893
4894
4895
4896
4897
4898
4899
4900
4901
4903
4908
4909
4923
4924
4925
4926
4927
4928
4930
4931
4932
4933
4960
4961
4964
4965
4966
4967
4979
4980
4982
4983
4984
4985
4986
4999
5000
5010
5011
6000
6001
6010
6102
6500
6800
6901
6902
6903
6904
6905
6906
6907
6908
6909
6910
6950
6951
6952
7500
7601
7605
7607
7608
7609
7610
7611
7612
7621
7622
7623
7624
7625
7680
7681
7700
8105
8106
8107
8146
8154
8175
8176
8187
8500
8820
8990
8998
9000
9001
9021
9080
9100
9101
9102
9103
9104
9105
9106
9107
9108
9109
9110
9111
9112
9113
9114
9115
9116
9117
9118
9119
9120
9121
9122
9123
9124
9125
9126
9127
9128
9129
9130
9131
9132
9133
9134
9135
9136
9140
9141
9142
9143
9144
9145
9146
9147
9148
9149
9150
9151
9152
9153
9154
9155
9156
9157
9158
9159
9160
9161
9162
9163
9164
9173
9174
9180
9181
9182
9183
9184
9190
9200
9201
9202
9203
9204
9205
9206
9207
9208
9209
9210
9211
9212
9213
9214
9215
9216
9217
9218
9219
9220
9221
9222
9230
9231
9232
9233
9234
9235
9236
9237
9238
9239
9240
9241
9242
9243
9244
9245
9246
9247
9248
9249
9260
9261
9262
9263
9264
9265
9266
9267
9268
9270
9271
9272
9275
9276
9277
9280
9281
9290
9291
9295
9300
9360
9375
9390
9391
9392
9393
9400
9402
9410
9411
9412
9413
9414
9415
9416
9417
9420
9421
9430
9431
9432
9433
9434
9440
9500
9501
9502
9510
9530
9560
9565
9570
9640
9700
9701
9721
9800
9809
9820
9840
9841
9910
9930
9940
9941
9943
9945
9946
9950
9989
9990
10000
10010
10020
10030
10040
10050
10060
10070
10080
10090
10100
10110
10120
10130
10140
10150
10160
10170
10180
10190
10200
10210
10220
10230
10240
10250
10260
10270
10280
10290
10300
10310
10320
10330
10340
10350
10400
10410
10430
10440
10450
10460
10470
10480
10490
10500
10510
10520
10530
10540
10550
10560
10570
10580
10590
10600
10610
10620
10630
10640
10730
10740
10800
10810
10820
10830
10840
10900
11000
11001
11002
11003
11004
11005
11006
11007
11008
11009
11010
11011
11012
11013
11014
11015
11016
11017
11018
11019
11020
11021
11022
11023
11024
11025
11026
11027
11028
11029
11030
11031
13000
15000
19995
19996
20000
20010
20020
20030
20040
20050
20060
20070
20080
20090
20100
20110
20120
20130
20140
20150
20160
20170
20180
20190
20200
20210
20220
20300
20310
20320
20330
20340
20350
20360
20370
20380
20390
20400
20410
20420
20430
20440
20450
20460
20470
20480
20490
20600
20610
20620
20630
20640
20650
20660
20670
20680
20700
20710
20720
20750
20760
20770
20800
20810
30140
60110
60120
60200
60210
60220
60230
60240
60250
60260
60270
60280
60290
60300
60310
60440
60456
60510
60520
60701
60702
60703
60704
60705
60706
60707
60708
60709
60710
60711
60712
60713
60714
60715
60730
60731
60732
60733
60742
60743
60744
60745
60746
60748
60749
60800
60804
60806
60807
60808
60811
60812
60813
60814
60815
60818
60820
60823
60827
60830
60831
60834
60849
60850
60862
60863
60865
61000
61143
62000
62001
62004
62005
62006
62007
62008
62009
62010
62011
62012
62020
62021
62022
62030
62031
62032
62040
62041
62050
62051
62052
62060
62061
62062
62063
62064
62080
62081
62082
62083
62084
62135
62137
62138
62528
63000
63003
63010
63011
63012
63020
63021
63022
63030
63031
63032
63040
63041
63050
63051
63052
63060
63061
63062
63063
63064
63080
63081
63082
63083
63084
65000
65002
65010
65020
65030
65040
65050
65060
65070
65080
65090
65100
65110
65120
65130
65140
65150
65160
65170
65180
65190
65200
65210
65220
65230
65240
65250
65260
65270
65280
65290
65300
65310
65600
65610
65620
65630
65640
65650
65660
65670
65680
65690
65700
65710
65720
65730
65740
65750
65760
65770
65780
65790
65800
65810
65811
65812
65813
65814
65815
65816
65818
65819
65820
65821
65822
65823
65824
65825
65826
65827
65828
65829
65830
65831
65832
65833
65834
65835
65836
65837
65838
65839
65840
65841
65842
65843
65844
65845
65846
65847
65848
65849
65850
65851
65852
65853
65854
65855
65856
65857
65858
65859
65860
65861
65862
65863
65864
65865
65866
65867
65868
65869
65870
65871
65872
65873
65874
65875
65876
65877
65878
65879
65880
65881
65882
65883
65884
65885
65886
65887
65888
65889
65890
65891
65892
65893
65894
65895
65896
65897
65898
65899
65900
65901
65910
65911
65912
65913
65914
65915
65916
65917
65918
65919
65920
65921
65922
65923
65924
65925
65926
65927
65928
65929
65930
65931
65932
65933
65934
66000
66010
66020
66030
66031
66040
66050
66060
66070
66080
66090
66100
66101
66102
66104
66110
66120
66130
66131
66140
66150
66160
66161
66170
66180
66181
66190
66200
66202
66204
66300
66302
66304
66400
66402
66404
66410
66420
66430
66440
66450
66460
66470
66471
66480
66490
66502
66510
66700
66710
66720
66730
66731
66740
66750
66751
66760
66770
66780
66781
66790
68000
68020
69010
69020
69100
69110
69130
69160
69170
69180
69190
69200
69210
69260
69270
69340
69350
69360
69390
69420
69500
69510
69520
69530
69540
69920
71100
71110
71300
71600
71801
73005
73006
73014
73016
73019
73207
73257
76100
76102
76104
76106
76108
76111
76113
76157
76199
76200
76299
76300
76399
76400
76422
76499
76500
76599
78600
80000
81000
81001
81002
82001
82102
82135
82137
82138
82195
82196
82197
82198
95600
100330
100750
100760
100770
100780
100790
100800
100810
100820
100830
100840
100850
100860
101590
104100
106640
106700
106900
107010
120000
120010
120020
130340
150000
200476
202000
209610
280990
290150
290290
290320
290500
290999
320550
330100
400031
400033
400036
400037
400061
400073
400091
400130
400159
400163
400173
400174
400175
400181
400189
400235
400293
400294
400295
400299
400300
400308
400309
400357
400358
400410
400412
400594
400602
400611
400612
400620
400622
400624
400625
400634
400644
400664
400670
400671
400690
400692
400696
400700
400710
400711
400712
400714
400720
400730
400740
440000
470000
502160
502190
503315
503316
503355
503356
503359
503360
510010
510020
510030
510040
510060
510070
510080
510090
510100
510110
510120
510130
510140
510150
510160
510190
510200
510210
510220
510230
510240
510250
510260
510270
510280
510290
510300
510310
510320
510330
510340
510350
510400
510410
510430
510440
510450
510460
510470
510480
510490
510500
510510
510520
510530
510540
510550
510560
510570
510580
510590
510600
510610
510620
510630
510640
510730
510740
510800
510810
510820
510830
510840
510900
520000
520010
520020
520030
520040
520050
520060
520070
520080
520090
520100
520110
520120
520130
520140
520150
520160
520170
520180
520190
520200
520210
520220
520300
520310
520320
520330
520340
520350
520360
520370
520380
520390
520400
520410
520420
520430
520440
520450
520460
520470
520480
520490
520600
520610
520620
520630
520640
520650
520660
520670
520680
520700
520710
520720
520750
520760
520770
520800
520810
530140
530855
530965
540100
540104
540108
540112
540116
540118
540120
540140
540170
540172
540200
540202
540204
540206
540208
540210
540224
540238
540272
540300
540302
540304
540306
540308
540310
540314
540316
540318
540332
540334
540372
540402
540404
540406
540408
540410
540412
540414
540418
540510
540516
540524
540630
540646
540660
540686
540900
540902
540904
540906
540910
540916
580360
640000
670100
670101
670102
670103
670104
670105
670106
670130
670131
670132
670133
670134
670135
670160
670161
670162
670163
670164
670170
670171
670172
670173
670174
670175
670180
670181
670190
670200
670201
670202
670203
670204
670205
670230
670231
670232
670233
670240
670241
670260
670261
670262
670270
670271
670272
670280
670290
670300
670301
670302
670303
670304
670305
670306
670307
670308
670309
670310
670330
670331
670332
670333
670334
670340
670341
670342
670350
670351
670352
670353
670354
670360
670361
670362
670363
670364
670370
670371
670372
670373
670380
670381
670390
670391
670400
670401
670402
670403
670404
670405
670406
670407
670408
670409
670460
670461
670462
670470
670471
670472
670473
670480
670481
670490
670500
670501
670502
670503
670504
670505
670506
670507
670530
670531
670532
670534
670535
670536
670537
670539
670560
670561
670562
670563
670570
670571
670580
670610
670611
670612
670613
670614
670615
670616
670620
670621
670622
670623
670624
670625
670626
670630
670631
670632
670633
670634
670650
670651
670652
670670
670671
670730
670731
670740
670741
670742
670743
670744
670745
670746
670747
670750
700530
700550
700800
710060
710130
710530
710550
710560
710570
710580
710600
710610
710620
710630
710640
710650
710690
710710
710750
710800
710810
710820
710900
710910
710920
720000
720010
720020
720030
720040
720050
720060
720090
720100
720110
720120
720130
720140
720150
720160
720170
720180
720190
720200
720210
720220
720230
720300
720310
760000
780010
780011
803220
806800
808004
820000
910000
1010000
1030000
1030001
1030010
1030011
1030012
1030040
1030041
1760000
1770000
1780000
1810100
1811100
2008021
2008031
2009160
2009161
2009162
2010000
2030000
2030001
3000000
3000201
3000211
3000221
3000231
3000241
3000251
3000261
3000271
3000281
5060100
5062100
5184000
5270000
5290000
5320000
10000040
10000041
10000042
10000043
10000044
10000045
10000289
10000800
10000801
10000850
10002732
10002736
10002737
10002738
10002739
10002765
10002768
10007450
10007452
10009350
10009351
10009353
10009360
10009362
10009390
10009391
10009392
10009393
10009397
10009399
10009506
10009510
10009511
10009512
10009513
10009514
10009549
10009610
10009614
10009706
10009709
10009719
10009722
10019200
11000040
11000041
11000042
11000043
11000044
11000389
11000393
11000500
11000800
11000801
11000850
11009210
11009452
11009460
11009554
11009555
11050000
11050040
11050041
11050800
11052010
11059207
11059400
11100785
11100980
11102180
11109015
11109213
11109246
11109303
11109304
11109306
11109309
11109310
11109311
11109312
11109313
11109314
11109358
11109430
11109506
11109532
11109545
11109609
11109625
11109648
11109649
11109657
11109659
11109660
11109745
11109746
11109747
11109748
11109751
11109752
11109753
11109754
11109755
11109756
11109757
11109758
11109759
11109760
11109761
11109762
11109763
11109764
11109765
11109785
11109792
11109793
11109794
11109795
11109796
11109798
11109799
11109802
11109806
11109808
11109812
11109819
11109859
11109909
11109919
11109921
11109957
11109959
12010040
12010041
12010042
12010043
12010044
12010045
12010046
12010240
12010800
12012716
12019280
12020040
12020041
12020042
12020043
12020044
12020045
12020046
12020431
12020800
12020850
12027080
12029016
12029019
12029152
12029157
12030040
12030041
12030042
12030043
12030044
12030201
12030240
12030241
12030256
12030257
12030297
12030800
12030850
12032870
12039005
12039150
12039155
12039156
12039157
12039158
12039162
12040800
12050040
12050041
12050042
12050800
12050801
12052021
12059163
12059166
12059250
12059255
12059260
12059261
12070040
12070041
12080800
12090800
13000000
13000040
13000041
13000042
13000043
13000044
13000045
13000046
13000047
13000050
13000490
13000495
13000800
13000801
13000830
13000850
13002020
13002050
13002500
13009262
14000040
14000041
14000042
14000043
14000800
14000850
14002705
14002706
14004100
14009202
14009205
14009263
14009266
14009267
14009356
15000020
15000040
15000041
15000042
15000044
15000045
15000046
15000047
15000049
15000392
15000393
15000398
15000800
15000850
15001270
15001280
15002845
15002950
15009206
15009208
15009209
15009211
15009213
16000040
16000041
16000042
16000043
16000044
16000800
16000801
16000850
16002731
16007020
16009202
16009206
16009208
16009246
16009252
16009255
16009256
16009258
16009260
16009264
16009265
16009302
16009305
16009306
16009312
16009313
16009319
16009322
16009326
16009327
16009328
16009335
16009359
16009405
16009406
16009412
16009415
16009416
16009452
16009455
16009456
16009458
16009460
16009464
18000020
18002020
19000040
19000800
19000802
20007410
20009250
20009253
20009261
20009262
20009283
20010000
20010196
20010198
20010800
20011198
20012020
20012820
20019200
20019211
20019220
20019223
20019224
20019225
20019227
20019228
20019230
20019250
20019253
20019256
20019258
20019300
20019305
20019306
20019310
21000500
21009200
21009206
21009207
21009208
21009210
21009211
21009212
21009213
21009214
21009223
21009240
21010800
21017150
21017991
21019200
21019203
21019205
21019207
21019210
21019214
21019216
21019218
21019219
21019220
21019222
21019226
21019300
21019303
21019305
21019314
21019316
21019320
21019321
21019322
21019325
21019350
21019353
21019355
21019357
21019360
21019365
21019367
21019375
21027020
22000800
22002181
22009200
22009205
22009208
22009209
22009215
22009232
22009235
22009241
22009250
22009255
22009270
22009275
25000800
30000040
30010040
30020040
30030040
30040040
30050040
30060040
30070040
30080040
30090040
30100040
30107100
30110040
30120040
30140040
30150040
30160040
30170040
30180040
30190040
30200040
31000040
31000850
31002715
31009206
31009207
31009218
31009219
31009256
31009266
31009269
31010040
31020040
31030040
31040040
31050040
31060040
31070040
31090040
31100040
31110040
31120040
31150040
31159206
31170040
31180040
31190040
31200040
31210040
31220040
32000040
32009203
32010040
32020040
32040040
32050040
32070040
32080040
32110040
33000000
33040000
33050000
33060000
33090000
33120000
33130000
33170000
33180000
33190000
33200000
33210000
33230000
33240000
33250000
33260000
33270000
33280000
34000000
34010000
34020000
34030000
34040000
34060000
34070000
34080000
34090000
34100040
34110040
34120040
34120041
34130040
34149200
34149201
35000040
35000041
35000042
35000800
35002724
35009200
35009205
35009206
35009209
35009302
35009306
35009307
35009316
35009317
35009318
35009326
39200040
39200041
39200700
39200800
39202160
40000000
40007900
40010000
40020000
40030000
40050000
41000000
41010000
41020000
41030000
41040000
41060000
41070000
42000000
42030000
42040000
43000000
43020000
43030000
43050000
43060000
43080000
43100000
43110000
60380000
60380001
60380010
60380011
60385000
60420000
60420001
60420002
60420003
60420004
60420005
60420006
60420007
60444500
60485400
60490000
60490001
60490010
60490011
60490020
60490021
60490030
60490031
60495300
60510010
60510011
60540000
60540001
60540010
60540011
61440000
620000100
620000101
680000100
1034429205
1034429209
1034449200
1034481690
1034481691
1034499200
1034499202
1034499204
1034499205
1034499224
1034499233
1034499238
1034499242
1034500703
1034509254
1034509255
1034509256
1034509259
1034509267
1034509269
1034509300
1034509302
1034509305
1034509310
1034509312
1034509315
1034509349
1034509360
1034509361
1034509400
1034509403
1034509405
1034509406
1034509410
1034509416
1034509419
1034509421
1034509424
1034509425
1034509430
1034509431
1034509433
1034510739
1035420150
1035420800
1035429210
1035429211
1035429213
1035429255
1035449202
1035449205
1035449206
1035449207
1035449226
1035449230
1035449235
1035467700
1035469202
1035469207
1035469208
1035469209
1035500800
1035507090
1035509215
1035509216
1035530040
1035532703
1035539202
1035539204
1035539205
1035539208
1035539209
1036412703
1036419202
1036419205
1036419206
1036419209
1036419213
1036439202
1036439205
1036439206
1036439213
1036439218
1036450340
1036480340
1036487400
1036489202
1036489213
1036499207
1036520040
1036540040
1036540041
1036541690
1036541691
1037420340
1037429202
1037429205
1037429207
1037429209
1037429210
1037441690
1037441691
1037442700
1037442701
1037449202
1037449205
1037449206
1037530040
1037549202
1037549206
1037549207
1037549209
1037549210
1037549211
1037549213
1038411690
1038411691
1038419205
1038419254
1038419265
1038419267
1038419270
1038419271
1038439200
1038439205
1038439206
1038439209
1038501500
1038501502
1038502500
1038502502
1038509202
1038509205
1038519202
1038519205
1038519206
1038519207
1038519252
1038519255
1038519256
1038519257
1038520040
1038540400
1038547100
1039399220
1039409206
1039409252
1039409255
1039409260
1039409264
1039411540
1039418540
1039418600
1039437400
1039442703
1039442721
1039449202
1039449205
1039449252
1039449255
1039449256
1039449258
1039449263
1039449270
1039449278
1039449285
1039449291
1039449296
1039449302
1039449305
1039449316
1039481540
1039488540
1039488600
1039510451
1039517200
1039519202
1039519209
1039529202
1039529205
1039529206
1039529209
1039540040
1039540800
1039549203
1039549205
1040370101
1040370111
1040521690
1040521691
1040529259
1040530040
1040549202
1040549205
1040549254
1041339259
1041369201
1041369202
1041369206
1041369225
1041369226
1041381950
1041382980
1041389413
1042320101
1042320102
1042330101
1042330102
1042350101
1042350102
1042361950
1042362980
1042368540
1042369202
1042369206
1042369225
1042369226
1042369235
1042369407
1042369410
1042369411
1042369413
1042369414
1042369415
1042369416
1042370101
1042371690
1042371691
1042371950
1042372980
1042377110
1042380340
1042389201
1042389206
1042389252
1042389255
1042389256
1042389263
1042390101
1042390103
1042510300
1042511690
1042511691
1042540040
1042550800
1042559205
1042559206
1042559207
1042559208
1042559209
1043300800
1043319206
1043319207
1043319209
1043320101
1043330101
1043351950
1043352980
1043357500
1043359201
1043359247
1043359252
1043359255
1043359256
1043359257
1043359259
1043360101
1043360102
1043370101
1043370340
1043371950
1043372980
1043377400
1043379201
1043379202
1043379206
1043379263
1043379356
1043390101
1043390102
1043392713
1043397500
1043399220
1043399221
1043399302
1043399305
1043399307
1043399313
1043520505
1043520506
1043527500
1044320101
1044320340
1044320342
1044321690
1044321691
1044327410
1044330101
1044341950
1044342980
1044349220
1044349221
1044349252
1044349255
1044349257
1044350800
1044351950
1044352717
1044352980
1044359256
1044359259
1044369223
1044369228
1044369231
1044370101
1044370102
1044370111
1044370112
1044389202
1044389206
1044389209
1044399206
1044522701
1044529252
1044529253
1044529256
1044529259
1044530040
1044530300
1045330101
1045330102
1045342719
1045349207
1045349255
1045349256
1045349259
1045350101
1045369220
1045369221
1045371690
1045371691
1045379202
1045379205
1045379207
1045379209
1045389222
1045390800
1045399200
1045399205
1045399206
1045520040
1045520180
1045520730
1045522170
1046360706
1046367700
1046369205
1046381950
1046382980
1046400040
1047387700
1047400040
1047401540
1047408540
1047408600
1047510840
1047582700
1047589202
1047589206
1047589250
1048370040
1048510300
1048517700
1048561690
1048561691
1048570320
1049370290
1049370292
1049370299
1049371690
1049371691
1049377100
1049380040
1049380041
1049401690
1049401691
1049531502
1049531506
1049531690
1049531691
1049532500
1049532502
1049532504
1049532506
1049539210
1049560840
1049570840
1050382702
1050382713
1050389202
1050389205
1050389206
1050389207
1050389209
1050389227
1050389252
1050389255
1050389256
1050389257
1050389259
1050389262
1050389265
1050389266
1050400040
1050551540
1050558540
1050558600
1050560700
1050562140
1051360040
1051360290
1051360291
1051360292
1051362220
1051362702
1051362739
1051369204
1051369222
1051369227
1051369235
1051369239
1051369259
1051369266
1051369352
1051369357
1051369358
1051369359
1051369360
1051369361
1051370040
1051382020
1051400040
1051439205
1051439212
1051439235
1051537600
1051569206
1051569256
1051569361
1051569362
1051569454
1051570310
1051570311
1051570800
1051570840
1051570841
1051579200
1051579201
1051587800
1052380260
1052382020
1052389302
1052389306
1052410040
1052410290
1052417100
1052520800
1052530840
1052541690
1052541691
1052570840
1053570840
1054539200
1054539201
1054539205
1054539206
1060001500
1060330040
1060340040
1060340041
1060340043
1060350040
1060380040
1060410040
1060420040
1060430040
1060430041
1060430042
1060430043
1060440040
1099002100
1099002980
1247580400
1248550380
1248550381
1251570400
1252380800
1252380801
1252382699
1252520800
1252520801
2044451500
2044452501
2044452502
2045429200
2045429206
2045429214
2045429225
2045429227
2045429250
2045429251
2045429255
2045429262
2045429264
2045429266
2045429282
2045429290
2045429296
2045429298
2045429300
2045437700
2045447010
2045462020
2046420700
2046422707
2046429200
2046429205
2046429209
2046429211
2046429214
2046429350
2046429353
2046429371
2046429378
2046451690
2046451691
2046477150
2047407980
2047411690
2047411691
2047427700
2048371690
2048371691
2048429200
2048429203
2048429205
2048429210
2048429222
2048439200
2048439205
2048439215
2048439225
2048447810
2048450700
2048451690
2048451691
2048452707
2048452712
2048452713
2048459200
2048459203
2048459205
2048459208
2048459210
2048459215
2048459219
2048459221
2048459223
2048459225
2048459250
2048459255
2048459258
2048459261
2048459266
2048459267
2048459271
2048459278
2048459290
2048459291
2048459292
2048459293
2048459295
2048459296
2048459297
2049392711
2049399700
2049399706
2049399722
2049399723
2049399724
2049399726
2049399728
2049399730
2049399732
2049399734
2049399735
2049399737
2049399738
2049399743
2049399746
2049399747
2049399748
2049412690
2049449200
2049449203
2049449205
2049449211
2049449215
2049449220
2049449225
2050400600
2050422690
2051450710
2051450800
2051452705
2051452715
2051452716
2051452717
2051452726
2051459200
2051459207
2051459208
2051459211
2051459216
2051459217
2051459220
2051459230
2051459232
2051459234
2051459243
2051459244
2051459245
2051459246
2051459247
2051459700
2051459723
2051459724
2051459725
2051459726
2051459733
2051459734
2051459738
2051459742
2051459743
2051459744
2051459745
2051459747
2051459748
2051459760
2052400800
2052409200
2052409203
2052409205
2052409206
2052409209
2052409211
2052409212
2052411690
2052411691
2052432690
2053460600
2054390800
